47.71,0.6,49.71787562201313
47.71,0.6,49.88575124402627
47.71,0.6,50.053626866039394
47.71,0.6,50.22150248805253
47.71,0.6,50.389378110065664
47.71,0.6,50.5572537320788
47.71,0.6,50.725129354091926
47.71,0.6,50.89300497610506
47.71,0.6,51.060880598118196
47.71,0.6,51.22875622013133
47.71,0.6,51.396631842144465
47.71,0.6,51.56450746415759
47.71,0.6,51.73238308617073
47.71,0.6,51.90025870818386
47.71,0.6,52.068134330197
47.70681308574895,0.6,52.23597969964117
47.70044040586321,0.6,52.40373432228201
47.68770423253889,0.6,52.57112612123091
47.66862292542774,0.6,52.73791379519163
47.64954161831659,0.6,52.90470146915234
47.63046031120544,0.6,53.07148914311306
47.61137900409429,0.6,53.23827681707378
47.59229769698313,0.6,53.405064491034494
47.57321638987198,0.6,53.571852164995214
47.55413508276083,0.6,53.738639838955926
47.53505377564968,0.6,53.905427512916646
47.51597246853853,0.6,54.07221518687736
47.49689116142737,0.6,54.23900286083808
47.47780985431622,0.6,54.4057905347988
47.45872854720507,0.6,54.57257820875951
47.43964724009392,0.6,54.73936588272023
47.42056593298277,0.6,54.90615355668095
47.40148462587161,0.6,55.07294123064166
47.38240331876046,0.6,55.23972890460238
47.36332201164931,0.6,55.4065165785631
47.34424070453816,0.6,55.57330425252381
47.32515939742701,0.6,55.74009192648453
47.30607809031585,0.6,55.906879600445244
47.2869967832047,0.6,56.07366727440596
47.26791547609355,0.6,56.24045494836668
47.2488341689824,0.6,56.407242622327395
47.22975286187125,0.6,56.574030296288115
47.21067155476009,0.6,56.74081797024883
47.19159024764894,0.6,56.907605644209546
47.17250894053779,0.6,57.074393318170266
47.15342763342664,0.6,57.24118099213098
47.13434632631549,0.6,57.4079686660917
47.11526501920433,0.6,57.57475634005242
47.09618371209318,0.6,57.74154401401313
47.07710240498203,0.6,57.90833168797384
47.05802109787088,0.6,58.07511936193456
47.03893979075973,0.6,58.24190703589528
47.01985848364857,0.6,58.40869470985599
47.00077717653742,0.6,58.575482383816706
46.98169586942627,0.6,58.742270057777425
46.96261456231512,0.6,58.909057731738145
46.94353325520397,0.6,59.07584540569886
46.92445194809281,0.6,59.24263307965957
46.90537064098166,0.6,59.40942075362029
46.88628933387051,0.6,59.57620842758101
46.86720802675936,0.6,59.74299610154172
46.84812671964821,0.6,59.90978377550243
46.82904541253705,0.6,60.07657144946315
46.8099641054259,0.6,60.24335912342387
46.79088279831475,0.6,60.410146797384584
46.7718014912036,0.6,60.5769344713453
46.75272018409244,0.6,60.743722145306016
46.73363887698129,0.6,60.910509819266736
46.71455756987014,0.6,61.07729749322745
46.69547626275899,0.6,61.24408516718816
46.67639495564784,0.6,61.41087284114888
46.65731364853668,0.6,61.5776605151096
46.63823234142553,0.6,61.74444818907031
46.61915103431438,0.6,61.911235863031024
46.60006972720323,0.6,62.07802353699174
46.580988420092076,0.6,62.24481121095246
46.56190711298092,0.6,62.411598884913175
46.54282580586977,0.6,62.57838655887389
46.52374449875862,0.6,62.74517423283461
46.50466319164747,0.6,62.91196190679533
46.48558188453631,0.6,63.07874958075604
46.46650057742516,0.6,63.24553725471675
46.44741927031401,0.6,63.41232492867747
46.42833796320286,0.6,63.57911260263819
46.409256656091706,0.6,63.7459002765989
46.39017534898055,0.6,63.912687950559615
46.3710940418694,0.6,64.07947562452034
46.35201273475825,0.6,64.24626329848105
46.3329314276471,0.6,64.41305097244177
46.313850120535946,0.6,64.57983864640248
46.29476881342479,0.6,64.74662632036319
46.27568750631364,0.6,64.91341399432392
46.253443376928956,0.6,65.0798093763939
46.22804444242118,0.6,65.24575249493806
46.202645507913395,0.6,65.41169561348224
46.17724657340562,0.6,65.57763873202641
46.15184763889784,0.6,65.74358185057059
46.126448704390064,0.6,65.90952496911476
46.10104976988229,0.6,66.07546808765893
46.07565083537451,0.6,66.24141120620311
46.050251900866726,0.6,66.40735432474729
46.02485296635895,0.6,66.57329744329147
45.996308380922216,0.6,66.73872848967798
45.96462843249505,0.6,66.90358783983426
45.9267131379331,0.6,67.06712577092236
45.88261715349661,0.6,67.22910653713512
45.83545410792727,0.6,67.39022100451444
45.78524099956315,0.6,67.55041110475383
45.735027891199024,0.6,67.71060120499324
45.684814782834906,0.6,67.87079130523264
45.63460167447078,0.6,68.03098140547203
45.584388566106654,0.6,68.19117150571144
45.534175457742535,0.6,68.35136160595084
45.48093038421454,0.6,68.51056960390099
45.42467253592375,0.6,68.66873811837839
45.36542218912485,0.6,68.82581014284649
45.303200698618284,0.6,68.9817290659618
45.24097920811171,0.6,69.13764798907711
45.17875771760514,0.6,69.29356691219242
45.116536227098564,0.6,69.44948583530773
45.05431473659199,0.6,69.60540475842303
44.992093246085425,0.6,69.76132368153834
44.92987175557885,0.6,69.91724260465365
44.86765026507228,0.6,70.07316152776896
44.805428774565705,0.6,70.22908045088427
44.74320728405913,0.6,70.38499937399958
44.680985793552566,0.6,70.54091829711489
44.61876430304599,0.6,70.6968372202302
44.55654281253942,0.6,70.8527561433455
44.494321322032846,0.6,71.00867506646081
44.43209983152627,0.6,71.16459398957612
44.3698783410197,0.6,71.32051291269143
44.30765685051313,0.6,71.47643183580674
44.24543536000656,0.6,71.63235075892204
44.18321386949999,0.6,71.78826968203735
44.120992378993414,0.6,71.94418860515266
44.05877088848684,0.6,72.10010752826797
43.996549397980274,0.6,72.25602645138328
43.9343279074737,0.6,72.41194537449859
43.87210641696713,0.6,72.5678642976139
43.809884926460555,0.6,72.7237832207292
43.74766343595398,0.6,72.87970214384451
43.68544194544741,0.6,73.03562106695982
43.62322045494084,0.6,73.19153999007513
43.56099896443427,0.6,73.34745891319044
43.498777473927696,0.6,73.50337783630575
43.43655598342113,0.6,73.65929675942105
43.37433449291456,0.6,73.81521568253636
43.31211300240798,0.6,73.97113460565167
43.24989151190141,0.6,74.12705352876698
43.18767002139484,0.6,74.28297245188229
43.12544853088827,0.6,74.4388913749976
43.0632270403817,0.6,74.5948102981129
43.001005549875124,0.6,74.75072922122821
42.93878405936856,0.6,74.90664814434352
42.876562568861985,0.6,75.06256706745883
42.81434107835541,0.6,75.21848599057414
42.75211958784884,0.6,75.37440491368945
42.689898097342265,0.6,75.53032383680475
42.6276766068357,0.6,75.68624275992006
42.565455116329126,0.6,75.84216168303537
42.50323362582255,0.6,75.99808060615068
42.44101213531599,0.6,76.15399952926599
42.37879064480941,0.6,76.3099184523813
42.31656915430284,0.6,76.4658373754966
42.25434766379627,0.6,76.62175629861191
42.192126173289694,0.6,76.77767522172722
42.12990468278313,0.6,76.93359414484253
42.067683192276554,0.6,77.08951306795784
42.00546170176998,0.6,77.24543199107315
41.943240211263415,0.6,77.40135091418846
41.88101872075684,0.6,77.55726983730376
41.81879723025027,0.6,77.71318876041907
41.756575739743695,0.6,77.86910768353438
41.69435424923712,0.6,78.02502660664969
41.632132758730556,0.6,78.180945529765
41.56991126822398,0.6,78.3368644528803
41.50768977771741,0.6,78.49278337599561
41.44546828721084,0.6,78.64870229911092
41.38324679670427,0.6,78.80462122222623
41.3210253061977,0.6,78.96054014534154
41.258803815691124,0.6,79.11645906845685
41.19658232518455,0.6,79.27237799157216
41.134360834677985,0.6,79.42829691468746
41.07213934417141,0.6,79.58421583780277
41.00991785366484,0.6,79.74013476091808
40.94769636315827,0.6,79.89605368403339
40.8854748726517,0.6,80.0519726071487
40.823253382145126,0.6,80.207891530264
40.76103189163855,0.6,80.36381045337932
40.69881040113198,0.6,80.51972937649462
40.63658891062541,0.6,80.67564829960993
40.57436742011884,0.6,80.83156722272524
40.51214592961227,0.6,80.98748614584055
40.4499244391057,0.6,81.14340506895586
40.38770294859913,0.6,81.29932399207117
40.325481458092554,0.6,81.45524291518647
40.26325996758598,0.6,81.61116183830177
40.20103847707941,0.6,81.76708076141708
40.13881698657284,0.6,81.92299968453239
40.07659549606627,0.6,82.0789186076477
40.008500057859465,0.6,82.23236317666766
39.93462883397478,0.6,82.38311219572938
39.85508831243724,0.6,82.53094835470219
39.76999315376828,0.6,82.6756585424479
39.67946602569848,0.6,82.8170341540283
39.58363742633757,0.6,82.95487139141655
39.48520942398046,0.6,83.09086460013773
39.38421749369963,0.6,83.2249647660006
39.27820781599725,0.6,83.35513455012784
39.16733320763498,0.6,83.4811863080958
39.05408564066606,0.6,83.6051105310787
38.93850593137801,0.6,83.72686255474642
38.820635736600856,0.6,83.84639849766523
38.70051753869329,0.6,83.96367527711341
38.57819463023134,0.6,84.07865062460888
38.45371109840502,0.6,84.1912831011436
38.32711180912857,0.6,84.30153211211871
38.19844239087005,0.6,84.40935792197567
38.06774921820608,0.6,84.51472166851747
37.93507939510769,0.6,84.61758537691523
37.80240957200931,0.6,84.72044908531299
37.66973974891093,0.6,84.82331279371076
37.537069925812546,0.6,84.92617650210852
37.40440010271416,0.6,85.02904021050628
37.271730279615774,0.6,85.13190391890404
37.13906045651739,0.6,85.2347676273018
37.00639063341901,0.6,85.33763133569957
36.87372081032062,0.6,85.44049504409733
36.73912215317621,0.6,85.54082164057712
36.602643173557695,0.6,85.63857496578187
36.462551776774866,0.6,85.7310769928609
36.31904990961273,0.6,85.81819437681656
36.172344435171986,0.6,85.89980153480784
36.022646834668386,0.6,85.97578082718255
35.87017290257497,0.6,86.04602272705911
35.715142435546596,0.6,86.11042597821354
35.55777891557513,0.6,86.16889774104388
35.39830918783214,0.6,86.2213537264018
35.23696313366341,0.6,86.26771831709854
35.07397333920673,0.6,86.30792467690972
34.909574760110615,0.6,86.34191484692218
34.744004382837275,0.6,86.3696398290838
34.57750088303814,0.6,86.39105965683603
34.4103042814943,0.6,86.40614345272712
34.242655598117906,0.6,86.41486947292299
34.07479650451335,0.6,86.41722513855177
33.906968975598936,0.6,86.4132070538368
33.739414940791306,0.6,86.40282101099164
33.57237593525554,0.6,86.38608198187046
33.40568480160724,0.6,86.3661749371541
33.2394016180752,0.6,86.34310705166918
33.073118434543154,0.6,86.32003916618426
32.90683525101111,0.6,86.29697128069934
32.74055206747907,0.6,86.27390339521442
32.57426888394703,0.6,86.2508355097295
32.40798570041498,0.6,86.22776762424458
32.24170251688294,0.6,86.20469973875966
32.075419333350894,0.6,86.18163185327474
31.909136149818856,0.6,86.15856396778982
31.74285296628681,0.6,86.1354960823049
31.57656978275477,0.6,86.11242819681998
31.41028659922273,0.6,86.08936031133506
31.24400341569069,0.6,86.06629242585014
31.077720232158647,0.6,86.04322454036522
30.911437048626606,0.6,86.0201566548803
30.745153865094565,0.6,85.99708876939538
30.578870681562524,0.6,85.97402088391046
30.412587498030483,0.6,85.95095299842554
30.246304314498442,0.6,85.92788511294061
30.0800211309664,0.6,85.9048172274557
29.91373794743436,0.6,85.88174934197077
29.74745476390232,0.6,85.85868145648585
29.582167105561265,0.6,85.82931796782344
29.41811324051311,0.6,85.79370120450815
29.255529658302383,0.6,85.75188250938476
29.09465072900803,0.6,85.70392216560576
28.93377179971368,0.6,85.65596182182676
28.772892870419327,0.6,85.60800147804777
28.612013941124975,0.6,85.56004113426877
28.451135011830623,0.6,85.51208079048978
28.29025608253627,0.6,85.46412044671078
28.12937715324192,0.6,85.41616010293178
27.96943768437717,0.6,85.36515431144142
27.810495320759685,0.6,85.31112145556665
27.652607347833982,0.6,85.25408100963826
27.495830671024812,0.6,85.19405353197203
27.34022179522751,0.6,85.13106065745916
27.1858368044427,0.6,85.06512508976863
27.031451813657892,0.6,84.99918952207813
26.877066822873083,0.6,84.9332539543876
26.722681832088274,0.6,84.8673183866971
26.568296841303464,0.6,84.80138281900656
26.413911850518655,0.6,84.73544725131606
26.259526859733846,0.6,84.66951168362553
26.105141868949037,0.6,84.60357611593503
25.950756878164228,0.6,84.5376405482445
25.79637188737942,0.6,84.471704980554
25.64198689659461,0.6,84.40576941286346
25.4876019058098,0.6,84.33983384517296
25.33321691502499,0.6,84.27389827748243
25.178831924240182,0.6,84.20796270979193
25.025726461360183,0.6,84.13910821318787
24.87395570811439,0.6,84.0673596039644
24.725017975404874,0.6,83.98990138140769
24.57912796232794,0.6,83.90684520433032
24.43649597458247,0.6,83.81831080119757
24.297327621306696,0.6,83.72442579753455
24.15815926803092,0.6,83.63054079387153
24.018990914755147,0.6,83.53665579020851
23.879822561479372,0.6,83.4427707865455
23.740654208203598,0.6,83.34888578288248
23.601485854927823,0.6,83.25500077921946
23.46231750165205,0.6,83.16111577555644
23.323149148376274,0.6,83.06723077189342
23.1839807951005,0.6,82.9733457682304
23.044812441824725,0.6,82.87946076456738
22.90564408854895,0.6,82.78557576090436
22.766475735273175,0.6,82.69169075724135
22.6273073819974,0.6,82.59780575357833
22.488139028721626,0.6,82.50392074991531
22.34897067544585,0.6,82.41003574625229
22.209802322170077,0.6,82.31615074258927
22.070633968894303,0.6,82.22226573892625
21.931465615618528,0.6,82.12838073526324
21.792297262342753,0.6,82.03449573160022
21.65312890906698,0.6,81.9406107279372
21.513960555791204,0.6,81.84672572427418
21.37479220251543,0.6,81.75284072061116
21.235623849239655,0.6,81.65895571694814
21.09645549596388,0.6,81.56507071328512
20.957287142688106,0.6,81.4711857096221
20.81811878941233,0.6,81.37730070595907
20.678950436136557,0.6,81.28341570229605
20.539782082860782,0.6,81.18953069863304
20.400613729585007,0.6,81.09564569497002
20.261445376309233,0.6,81.001760691307
20.122277023033458,0.6,80.90787568764397
19.983108669757684,0.6,80.81399068398095
19.84394031648191,0.6,80.72010568031793
19.704771963206134,0.6,80.6262206766549
19.56560360993036,0.6,80.53233567299188
19.426435256654585,0.6,80.43845066932886
19.28726690337881,0.6,80.34456566566584
19.148098550103036,0.6,80.25068066200282
19.00893019682726,0.6,80.15679565833979
18.869761843551487,0.6,80.06291065467677
18.730593490275712,0.6,79.96902565101375
18.591425136999938,0.6,79.87514064735072
18.452256783724163,0.6,79.7812556436877
18.31308843044839,0.6,79.68737064002468
18.173920077172614,0.6,79.59348563636166
18.03475172389684,0.6,79.49960063269864
17.895583370621065,0.6,79.40571562903561
17.75641501734529,0.6,79.3118306253726
17.615489450887562,0.6,79.22060448227279
17.474563884429834,0.6,79.129378339173
17.333638317972106,0.6,79.0381521960732
17.192712751514378,0.6,78.9469260529734
17.05178718505665,0.6,78.8556999098736
16.910861618598922,0.6,78.76447376677379
16.769936052141194,0.6,78.673247623674
16.629010485683466,0.6,78.5820214805742
16.488084919225738,0.6,78.4907953374744
16.348916565949963,0.6,78.39691033381138
16.213412463328506,0.6,78.29781006822621
16.081767945396933,0.6,78.1936373973146
15.95417278246072,0.6,78.08454248972686
15.830810907534534,0.6,77.97068260969445
15.71186015119618,0.6,77.85222189032795
15.59749198523744,0.6,77.7293310970132
15.48787127548129,0.6,77.60218738124692
15.38068398889218,0.6,77.47298556214224
15.275968757532823,0.6,77.34177220616178
15.17376332249652,0.6,77.20859460475924
15.074104520304672,0.6,77.07350075733463
14.977028269630267,0.6,76.93653935393463
14.882569558352216,0.6,76.79775975770382
14.790762430945136,0.6,76.6572119870934
14.701639976209172,0.6,76.51494669783375
14.615234315344225,0.6,76.37101516467723
14.531576590372971,0.6,76.22546926291793
14.450696952916743,0.6,76.07836144969495
14.3726245533284,0.6,75.92974474508603
14.297387530186064,0.6,75.77967271299818
14.225013000151499,0.6,75.6281994418624
14.15552704819683,0.6,75.47537952513932
14.088954718203091,0.6,75.3212680416428
14.028280554657272,0.6,75.16474050302958
13.973592021547475,0.6,75.00602254937407
13.92496795436034,0.6,74.84534297831266
13.88247844643685,0.6,74.68293341522379
13.846184747930252,0.6,74.5190279793316
13.81613917751178,0.6,74.35386294621465
13.792385046951381,0.6,74.18767640720617
13.774956598682273,0.6,74.02070792617688
13.763878956439221,0.6,73.85319819419503
13.755983278752858,0.6,73.6855083532977
13.751272411355416,0.6,73.51769884166424
13.749748052121056,0.6,73.34983014060529
13.751410750453942,0.6,73.18196275276432
13.753073448786829,0.6,73.01409536492335
13.754736147119715,0.6,72.84622797708239
13.756398845452601,0.6,72.67836058924142
13.758061543785487,0.6,72.51049320140045
13.759724242118374,0.6,72.3426258135595
13.76138694045126,0.6,72.17475842571852
13.763049638784146,0.6,72.00689103787755
13.764712337117032,0.6,71.83902365003658
13.766375035449919,0.6,71.67115626219561
13.768037733782805,0.6,71.50328887435465
13.769700432115691,0.6,71.33542148651368
13.771363130448577,0.6,71.16755409867271
13.773025828781464,0.6,70.99968671083175
13.77468852711435,0.6,70.83181932299078
13.776351225447236,0.6,70.66395193514981
13.778013923780122,0.6,70.49608454730884
13.779676622113008,0.6,70.32821715946787
13.778152262878649,0.6,70.16034845840892
13.770256585192286,0.6,69.9926586175116
13.756000970957174,0.6,69.82538936771033
13.73540597015375,0.6,69.6587818336424
13.7085012712161,0.6,69.49307618605798
13.675325658235025,0.6,69.32851129560552
13.635926955049356,0.6,69.16532438849106
13.590361956306204,0.6,69.00375070450808
13.54173788911907,0.6,68.84307113344667
13.493113821931935,0.6,68.68239156238526
13.4444897547448,0.6,68.52171199132385
13.395865687557666,0.6,68.36103242026245
13.347241620370532,0.6,68.20035284920104
13.298617553183398,0.6,68.03967327813963
13.249993485996264,0.6,67.87899370707822
13.20136941880913,0.6,67.71831413601682
13.149703808092326,0.6,67.55858658943967
13.092012063237206,0.6,67.40093543326925
13.028377348968107,0.6,67.24558792731506
12.958891397013439,0.6,67.09276801059198
12.883654373871103,0.6,66.94269597850413
12.802774736414875,0.6,66.79558816528116
12.716369075549927,0.6,66.65165663212463
12.624561948142848,0.6,66.51110886151423
12.527485697468443,0.6,66.37414745811422
12.425280262432139,0.6,66.24096985671167
12.31809297584303,0.6,66.11176803760699
12.206078352028321,0.6,65.98672824986745
12.089397864095389,0.6,65.86603074284254
11.968219711162483,0.6,65.74984950632792
11.842718575893642,0.6,65.63835201975299
11.71307537268737,0.6,65.53169901075317
11.579476986882021,0.6,65.43004422347535
11.442116005353846,0.6,65.33353419695005
11.301190438896121,0.6,65.24230805385025
11.156903436779437,0.6,65.15649729994098
11.009462993904748,0.6,65.07622563450907
10.859081650971234,0.6,65.00160877204615
10.705976188091235,0.6,64.93275427544211
10.550367312293929,0.6,64.86976140092922
10.393590635484756,0.6,64.809733923263
10.236813958675583,0.6,64.74970644559677
10.08003728186641,0.6,64.68967896793055
9.923260605057237,0.6,64.62965149026432
9.766483928248064,0.6,64.5696240125981
9.609707251438891,0.6,64.50959653493187
9.452930574629718,0.6,64.44956905726565
9.296153897820545,0.6,64.38954157959942
9.139377221011372,0.6,64.3295141019332
8.9826005442022,0.6,64.26948662426697
8.825823867393026,0.6,64.20945914660075
8.669047190583854,0.6,64.14943166893453
8.51227051377468,0.6,64.0894041912683
8.355493836965508,0.6,64.02937671360208
8.198717160156335,0.6,63.96934923593586
8.041940483347162,0.6,63.909321758269634
7.884052510421462,0.6,63.85228131234125
7.725110146803978,0.6,63.798248456466474
7.5651706779392285,0.6,63.747242664976106
7.40429174864488,0.6,63.69928232119711
7.242531342335589,0.6,63.65438471082695
7.07994776012486,0.6,63.612566015703564
6.916599599812329,0.6,63.57384130797312
6.752545734764176,0.6,63.53822454465782
6.587845292694176,0.6,63.505728562625514
6.422557634353119,0.6,63.476365073963116
6.256742332134202,0.6,63.45014466175534
6.090459148602157,0.6,63.427076776270425
5.9237680149538505,0.6,63.40716973155405
5.756729009418088,0.6,63.39043070243288
5.589174974610465,0.6,63.380044659587725
5.42134744569605,0.6,63.37602657487275
5.253488352091495,0.6,63.378382240501544
5.085839668715103,0.6,63.387108260697396
4.918643067171253,0.6,63.40219205658848
4.752139567372119,0.6,63.42361188434073
4.5865691900987855,0.6,63.45133686650236
4.42217061100267,0.6,63.4853270365148
4.259180816545992,0.6,63.52553339632598
4.097834762377261,0.6,63.57189798702273
3.9383650346342662,0.6,63.62435397238066
3.7810015146627975,0.6,63.682825735211
3.6259710476344225,0.6,63.74722898636542
3.473497115541008,0.6,63.81747088624199
3.322384117436357,0.6,63.89059465987355
3.1726865169327567,0.6,63.966573952248254
3.0244582675098997,0.6,64.04538137917828
2.877752793069156,0.6,64.12698853716955
2.732622968678726,0.6,64.21136601365883
2.5891211015165965,0.6,64.29848339761449
2.447298912018155,0.6,64.38830929049715
2.3072075152353193,0.6,64.48081131757618
2.168897402413819,0.6,64.57595613959819
2.0324184227953097,0.6,64.67370946480294
1.897819765650894,0.6,64.77403606128273
1.7651499425525117,0.6,64.87689976968049
1.6324801194541294,0.6,64.97976347807825
1.4998102963557471,0.6,65.08262718647602
1.3671404732573649,0.6,65.18549089487378
1.2344706501589826,0.6,65.28835460327154
1.1018008270606003,0.6,65.3912183116693
0.9691310039622181,0.6,65.49408202006707
0.8364611808638358,0.6,65.59694572846482
0.7037913577654535,0.6,65.69980943686258
0.5711215346670713,0.6,65.80267314526034
0.438451711568689,0.6,65.9055368536581
0.30578188847030674,0.6,66.00840056205587
0.17311206537192447,0.6,66.11126427045363
0.040442242273542206,0.6,66.2141279788514
-0.09222758082484006,0.6,66.31699168724916
-0.22489740392322233,0.6,66.41985539564692
-0.3575672270216046,0.6,66.52271910404468
-0.49023705011998686,0.6,66.62558281244245
-0.6229068732183691,0.6,66.72844652084021
-0.7555766963167514,0.6,66.83131022923797
-0.8882465194151337,0.6,66.93417393763573
-1.020916342513516,0.6,67.0370376460335
-1.1535861656118982,0.6,67.13990135443126
-1.2862559887102805,0.6,67.24276506282902
-1.4189258118086627,0.6,67.34562877122679
-1.551595634907045,0.6,67.44849247962455
-1.6861942920514608,0.6,67.54881907610434
-1.824504404872961,0.6,67.64396389812634
-1.9663265943714023,0.6,67.733789791009
-2.1114564187618328,0.6,67.81816726749828
-2.25968466818469,0.6,67.89697469442831
-2.4107976662893407,0.6,67.97009846805986
-2.5645775782562126,0.6,68.03743317784433
-2.7208027248135096,0.6,68.09888175837673
-2.879247901795871,0.6,68.15435562931904
-3.039684704784264,0.6,68.2037748230919
-3.200121507772657,0.6,68.25319401686477
-3.36055831076105,0.6,68.30261321063762
-3.520995113749443,0.6,68.35203240441047
-3.6814319167378358,0.6,68.40145159818333
-3.8418687197262287,0.6,68.45087079195619
-4.002305522714622,0.6,68.50028998572904
-4.164502676289523,0.6,68.5435832627879
-4.328226367422751,0.6,68.5806882143174
-4.493240582527349,0.6,68.61155135219593
-4.659307447679666,0.6,68.63612818610065
-4.82618757152315,0.6,68.65438328764188
-4.993640390359609,0.6,68.66629034143446
-5.161424514930445,0.6,68.67183218303225
-5.3292980783879145,0.6,68.67100082367136
-5.497019084954914,0.6,68.66379746178619
-5.66434575877058,0.6,68.65023248128188
-5.8310368924188865,0.6,68.63032543656551
-5.996852194637803,0.6,68.60410502435774
-6.161552636707803,0.6,68.57160904232543
-6.324900797020334,0.6,68.532884334595
-6.486661203329625,0.6,68.48798672422484
-6.646600672194374,0.6,68.43698093273447
-6.804488645120074,0.6,68.37994048680608
-6.96009752091738,0.6,68.3169476122932
-7.113202983797379,0.6,68.24809311568916
-7.263584326730893,0.6,68.17347625322624
-7.411024769605582,0.6,68.09320458779433
-7.555311771722266,0.6,68.00739383388506
-7.696237338179991,0.6,67.91616769078526
-7.833598319708166,0.6,67.81965766425996
-7.967196705513523,0.6,67.71800287698214
-8.096839908719794,0.6,67.61134986798233
-8.226483111926065,0.6,67.50469685898251
-8.356126315132336,0.6,67.3980438499827
-8.485769518338607,0.6,67.29139084098288
-8.615412721544878,0.6,67.18473783198307
-8.74505592475115,0.6,67.07808482298326
-8.87469912795742,0.6,66.97143181398344
-9.004342331163691,0.6,66.86477880498363
-9.133985534369963,0.6,66.75812579598382
-9.263628737576234,0.6,66.651472786984
-9.393271940782505,0.6,66.54481977798419
-9.522915143988776,0.6,66.43816676898437
-9.652558347195047,0.6,66.33151375998456
-9.782201550401318,0.6,66.22486075098475
-9.911844753607589,0.6,66.11820774198493
-10.03734588887643,0.6,66.00671025540998
-10.158524041809336,0.6,65.89052901889538
-10.275204529742268,0.6,65.76983151187045
-10.3918850176752,0.6,65.64913400484554
-10.508565505608132,0.6,65.52843649782062
-10.625245993541064,0.6,65.4077389907957
-10.741926481473996,0.6,65.28704148377079
-10.858606969406928,0.6,65.16634397674588
-10.97528745733986,0.6,65.04564646972096
-11.091967945272792,0.6,64.92494896269605
-11.208648433205724,0.6,64.80425145567112
-11.325328921138656,0.6,64.6835539486462
-11.442009409071588,0.6,64.56285644162129
-11.55868989700452,0.6,64.44215893459638
-11.675370384937452,0.6,64.32146142757146
-11.792050872870384,0.6,64.20076392054655
-11.908731360803316,0.6,64.08006641352164
-12.025411848736248,0.6,63.959368906496714
-12.14209233666918,0.6,63.8386713994718
-12.258772824602111,0.6,63.71797389244688
-12.375453312535043,0.6,63.597276385421964
-12.492133800467975,0.6,63.47657887839705
-12.608814288400907,0.6,63.355881371372135
-12.72549477633384,0.6,63.23518386434722
-12.842175264266771,0.6,63.1144863573223
-12.958855752199703,0.6,62.993788850297385
-13.075536240132635,0.6,62.87309134327247
-13.192216728065567,0.6,62.75239383624755
-13.308897215998499,0.6,62.631696329222635
-13.420911839813208,0.6,62.50665654148311
-13.528099126402317,0.6,62.37745472237842
-13.63030456143862,0.6,62.244277120975866
-13.727380812113026,0.6,62.10731571757587
-13.819187939520106,0.6,61.96676794696546
-13.905593600385053,0.6,61.822836413808936
-13.986473237841281,0.6,61.67572860058596
-14.061710260983617,0.6,61.525656568498114
-14.131196212938285,0.6,61.37283665177503
-14.194830927207384,0.6,61.21748914582084
-14.252522672062504,0.6,61.05983798965043
-14.304188282779307,0.6,60.90011044307328
-14.34975328152246,0.6,60.738536759090294
-14.389151984708128,0.6,60.57534985197584
-14.422327597689204,0.6,60.41078496152339
-14.449232296626853,0.6,60.24507931393897
-14.469827297430278,0.6,60.07847177987102
-14.48408291166539,0.6,59.91120253006976
-14.495160553908448,0.6,59.743692798087906
-14.503056231594812,0.6,59.57600295719059
-14.507767098992254,0.6,59.40819344555713
-14.509291458226613,0.6,59.240324744498174
-14.507628759893727,0.6,59.0724573566572
-14.502779603257451,0.6,58.9046517842044
-14.494745736033664,0.6,58.73696850703065
-14.483530053760376,0.6,58.56946796094963
-14.469136598754119,0.6,58.4022105159157
-14.451570558653039,0.6,58.2352564542656
-14.430838264547177,0.6,58.06866594899173
-14.410105970441315,0.6,57.902075443717855
-14.389373676335453,0.6,57.73548493844398
-14.36864138222959,0.6,57.56889443317011
-14.347909088123728,0.6,57.402303927896234
-14.327176794017866,0.6,57.23571342262236
-14.306444499912004,0.6,57.06912291734849
-14.285712205806142,0.6,56.90253241207461
-14.261821129955614,0.6,56.73636550513764
-14.234779883097474,0.6,56.570682085826434
-14.204598211342265,0.6,56.40554186917296
-14.171286992661372,0.6,56.24100437442999
-14.137975773980479,0.6,56.07646687968703
-14.104664555299586,0.6,55.911929384944074
-14.071353336618692,0.6,55.74739189020111
-14.038042117937799,0.6,55.58285439545815
-14.004730899256906,0.6,55.41831690071519
-13.971419680576012,0.6,55.253779405972224
-13.93810846189512,0.6,55.089241911229266
-13.904797243214226,0.6,54.92470441648631
-13.871486024533333,0.6,54.76016692174334
-13.83817480585244,0.6,54.59562942700038
-13.804863587171546,0.6,54.43109193225742
-13.771552368490653,0.6,54.26655443751446
-13.73824114980976,0.6,54.1020169427715
-13.704929931128866,0.6,53.93747944802853
-13.671618712447973,0.6,53.772941953285574
-13.63830749376708,0.6,53.60840445854261
-13.604996275086187,0.6,53.44386696379965
-13.571685056405293,0.6,53.27932946905669
-13.5383738377244,0.6,53.114791974313725
-13.505062619043507,0.6,52.950254479570766
-13.471751400362614,0.6,52.78571698482781
-13.43844018168172,0.6,52.62117949008484
-13.405128963000827,0.6,52.45664199534188
-13.371817744319934,0.6,52.292104500598924
-13.33850652563904,0.6,52.12756700585596
-13.305195306958147,0.6,51.963029511113
-13.271884088277254,0.6,51.798492016370034
-13.23857286959636,0.6,51.633954521627075
-13.205261650915467,0.6,51.469417026884116
-13.171950432234574,0.6,51.30487953214115
-13.138639213553681,0.6,51.14034203739819
-13.102210453858717,0.6,50.97646656658763
-13.0626772826744,0.6,50.81331218312703
-13.023144111490083,0.6,50.65015779966643
-12.983610940305766,0.6,50.48700341620584
-12.94407776912145,0.6,50.32384903274524
-12.904544597937132,0.6,50.160694649284636
-12.865011426752815,0.6,49.99754026582404
-12.825478255568498,0.6,49.83438588236344
-12.785945084384181,0.6,49.67123149890284
-12.746411913199864,0.6,49.50807711544224
-12.706878742015547,0.6,49.34492273198165
-12.66734557083123,0.6,49.18176834852105
-12.627812399646913,0.6,49.018613965060446
-12.588279228462596,0.6,48.855459581599845
-12.54874605727828,0.6,48.69230519813925
-12.509212886093962,0.6,48.52915081467865
-12.469679714909645,0.6,48.36599643121805
-12.430146543725328,0.6,48.20284204775746
-12.390613372541011,0.6,48.039687664296856
-12.351080201356694,0.6,47.876533280836256
-12.311547030172378,0.6,47.713378897375655
-12.27201385898806,0.6,47.55022451391506
-12.232480687803744,0.6,47.38707013045446
-12.192947516619427,0.6,47.22391574699386
-12.15341434543511,0.6,47.06076136353327
-12.113881174250793,0.6,46.897606980072666
-12.074348003066476,0.6,46.734452596612066
-12.034814831882159,0.6,46.57129821315147
-11.995281660697842,0.6,46.40814382969087
-11.955748489513525,0.6,46.24498944623027
-11.916215318329208,0.6,46.08183506276968
-11.87668214714489,0.6,45.91868067930908
-11.837148975960574,0.6,45.755526295848476
-11.797615804776257,0.6,45.592371912387875
-11.75808263359194,0.6,45.42921752892728
-11.718549462407623,0.6,45.26606314546668
-11.679016291223306,0.6,45.10290876200608
-11.639483120038989,0.6,44.93975437854549
-11.599949948854672,0.6,44.77659999508489
-11.560416777670355,0.6,44.613445611624286
-11.520883606486038,0.6,44.450291228163685
-11.48135043530172,0.6,44.287136844703085
-11.441817264117404,0.6,44.12398246124249
-11.402284092933087,0.6,43.96082807778189
-11.36275092174877,0.6,43.79767369432129
-11.323217750564453,0.6,43.634519310860696
-11.283684579380136,0.6,43.471364927400096
-11.244151408195819,0.6,43.308210543939495
-11.204618237011502,0.6,43.145056160478894
-11.165085065827185,0.6,42.981901777018294
-11.125551894642868,0.6,42.8187473935577
-11.089123134947904,0.6,42.65487192274714
-11.055811916267011,0.6,42.490334428004175
-11.022500697586118,0.6,42.325796933261216
-10.989189478905224,0.6,42.16125943851826
-10.955878260224331,0.6,41.99672194377529
-10.922567041543438,0.6,41.83218444903233
-10.889255822862545,0.6,41.66764695428937
-10.855944604181651,0.6,41.50310945954641
-10.822633385500758,0.6,41.33857196480345
-10.789322166819865,0.6,41.17403447006049
-10.756010948138972,0.6,41.009496975317525
-10.722699729458078,0.6,40.844959480574566
-10.689388510777185,0.6,40.68042198583161
-10.656077292096292,0.6,40.51588449108864
-10.622766073415399,0.6,40.35134699634568
-10.589454854734505,0.6,40.186809501602724
-10.556143636053612,0.6,40.022272006859765
-10.522832417372719,0.6,39.85773451211681
-10.489521198691826,0.6,39.69319701737384
-10.456209980010932,0.6,39.52865952263088
-10.422898761330039,0.6,39.36412202788792
-10.389587542649146,0.6,39.19958453314496
-10.356276323968252,0.6,39.035047038402
-10.32296510528736,0.6,38.87050954365904
-10.289653886606466,0.6,38.70597204891608
-10.256342667925573,0.6,38.54143455417312
-10.22303144924468,0.6,38.376897059430156
-10.189720230563786,0.6,38.2123595646872
-10.156409011882893,0.6,38.04782206994424
-10.123097793202,0.6,37.88328457520127
-10.089786574521106,0.6,37.718747080458314
-10.056475355840213,0.6,37.554209585715356
-10.02004659614525,0.6,37.390334114904796
-9.980513424960932,0.6,37.227179731444195
-9.940980253776615,0.6,37.064025347983595
-9.901447082592298,0.6,36.900870964522994
-9.861913911407981,0.6,36.7377165810624
-9.822380740223664,0.6,36.5745621976018
-9.782847569039347,0.6,36.4114078141412
-9.74331439785503,0.6,36.248253430680606
-9.703781226670714,0.6,36.085099047220005
-9.66735246697575,0.6,35.921223576409446
-9.634041248294857,0.6,35.75668608166648
-9.603859576539648,0.6,35.591545865013
-9.57367790478444,0.6,35.42640564835953
-9.54349623302923,0.6,35.26126543170605
-9.513314561274022,0.6,35.096125215052574
-9.483132889518814,0.6,34.9309849983991
-9.452951217763605,0.6,34.76584478174562
-9.422769546008396,0.6,34.600704565092144
-9.392587874253188,0.6,34.43556434843867
-9.36240620249798,0.6,34.27042413178519
-9.33222453074277,0.6,34.105283915131714
-9.302042858987562,0.6,33.94014369847824
-9.271861187232354,0.6,33.77500348182476
-9.241679515477145,0.6,33.609863265171285
-9.211497843721936,0.6,33.444723048517815
-9.181316171966728,0.6,33.27958283186433
-9.15113450021152,0.6,33.11444261521086
-9.12095282845631,0.6,32.94930239855738
-9.090771156701102,0.6,32.78416218190391
-9.060589484945893,0.6,32.619021965250425
-9.030407813190685,0.6,32.453881748596956
-9.000226141435476,0.6,32.28874153194347
-8.970044469680268,0.6,32.12360131529
-8.93986279792506,0.6,31.958461098636523
-8.90968112616985,0.6,31.793320881983046
-8.879499454414642,0.6,31.62818066532957
-8.849317782659433,0.6,31.463040448676093
-8.819136110904225,0.6,31.297900232022617
-8.788954439149016,0.6,31.13276001536914
-8.758772767393808,0.6,30.967619798715663
-8.728591095638599,0.6,30.802479582062187
-8.69840942388339,0.6,30.63733936540871
-8.668227752128182,0.6,30.472199148755234
-8.638046080372973,0.6,30.307058932101757
-8.607864408617765,0.6,30.14191871544828
-8.577682736862556,0.6,29.976778498794804
-8.547501065107348,0.6,29.811638282141327
-8.517319393352139,0.6,29.64649806548785
-8.48713772159693,0.6,29.481357848834374
-8.456956049841722,0.6,29.316217632180898
-8.426774378086513,0.6,29.15107741552742
-8.396592706331305,0.6,28.985937198873945
-8.366411034576096,0.6,28.820796982220468
-8.336229362820887,0.6,28.65565676556699
-8.306047691065679,0.6,28.490516548913515
-8.27586601931047,0.6,28.32537633226004
-8.245684347555262,0.6,28.160236115606562
-8.215502675800053,0.6,27.995095898953085
-8.185321004044845,0.6,27.82995568229961
-8.155139332289636,0.6,27.664815465646132
-8.124957660534427,0.6,27.499675248992656
-8.094775988779219,0.6,27.33453503233918
-8.06459431702401,0.6,27.169394815685703
-8.034412645268802,0.6,27.004254599032226
-8.004230973513593,0.6,26.83911438237875
-7.9740493017583844,0.6,26.673974165725273
-7.943867630003176,0.6,26.508833949071796
-7.913685958247967,0.6,26.34369373241832
-7.883504286492759,0.6,26.178553515764843
-7.85332261473755,0.6,26.013413299111367
-7.8231409429823415,0.6,25.84827308245789
-7.792959271227133,0.6,25.683132865804414
-7.75964805254624,0.6,25.51859537106145
-7.723219292851276,0.6,25.354719900250892
-7.686790533156312,0.6,25.190844429440332
-7.6503617734613485,0.6,25.026968958629773
-7.613933013766385,0.6,24.863093487819214
-7.577504254071421,0.6,24.699218017008654
-7.541075494376457,0.6,24.535342546198095
-7.504646734681494,0.6,24.371467075387535
-7.46821797498653,0.6,24.207591604576976
-7.431789215291566,0.6,24.043716133766416
-7.395360455596602,0.6,23.879840662955857
-7.358931695901639,0.6,23.715965192145298
-7.322502936206675,0.6,23.552089721334738
-7.286074176511711,0.6,23.38821425052418
-7.2496454168167475,0.6,23.22433877971362
-7.213216657121784,0.6,23.06046330890306
-7.1799054384408905,0.6,22.895925814160098
-7.149723766685682,0.6,22.73078559750662
-7.119542094930473,0.6,22.565645380853145
-7.089360423175265,0.6,22.400505164199668
-7.059178751420056,0.6,22.23536494754619
-7.0289970796648475,0.6,22.070224730892715
-6.998815407909639,0.6,21.90508451423924
-6.96863373615443,0.6,21.73994429758576
-6.938452064399222,0.6,21.574804080932285
-6.908270392644013,0.6,21.40966386427881
-6.87495917396312,0.6,21.245126369535846
-6.841647955282227,0.6,21.080588874792884
-6.808336736601333,0.6,20.91605138004992
-6.77502551792044,0.6,20.75151388530696
-6.741714299239547,0.6,20.586976390563997
-6.708403080558654,0.6,20.422438895821035
-6.67509186187776,0.6,20.257901401078072
-6.641780643196867,0.6,20.09336390633511
-6.608469424515974,0.6,19.928826411592148
-6.578287752760765,0.6,19.76368619493867
-6.5512465059026255,0.6,19.598002775627464
-6.524205259044486,0.6,19.432319356316256
-6.497164012186346,0.6,19.26663593700505
-6.470122765328206,0.6,19.10095251769384
-6.443081518470066,0.6,18.935269098382634
-6.4160402716119265,0.6,18.769585679071426
-6.388999024753787,0.6,18.60390225976022
-6.361957777895647,0.6,18.43821884044901
-6.334916531037507,0.6,18.272535421137803
-6.307875284179367,0.6,18.106852001826596
-6.2808340373212275,0.6,17.941168582515388
-6.253792790463088,0.6,17.77548516320418
-6.226751543604948,0.6,17.609801743892973
-6.199710296746808,0.6,17.444118324581765
-6.172669049888668,0.6,17.278434905270558
-6.1456278030305285,0.6,17.11275148595935
-6.118586556172389,0.6,16.947068066648143
-6.091545309314249,0.6,16.781384647336935
-6.064504062456109,0.6,16.615701228025728
-6.037462815597969,0.6,16.45001780871452
-6.0104215687398295,0.6,16.284334389403313
-5.98338032188169,0.6,16.118650970092105
-5.95633907502355,0.6,15.952967550780897
-5.92929782816541,0.6,15.78728413146969
-5.90225658130727,0.6,15.621600712158482
-5.8752153344491305,0.6,15.455917292847275
-5.848174087590991,0.6,15.290233873536067
-5.821132840732851,0.6,15.12455045422486
-5.794091593874711,0.6,14.958867034913652
-5.767050347016571,0.6,14.793183615602445
-5.7400091001584315,0.6,14.627500196291237
-5.712967853300292,0.6,14.46181677698003
-5.685926606442152,0.6,14.296133357668822
-5.658885359584012,0.6,14.130449938357614
-5.631844112725872,0.6,13.964766519046407
-5.6048028658677325,0.6,13.7990830997352
-5.577761619009593,0.6,13.633399680423992
-5.550720372151453,0.6,13.467716261112784
-5.523679125293313,0.6,13.302032841801577
-5.496637878435173,0.6,13.136349422490369
-5.4695966315770335,0.6,12.970666003179161
-5.43628541289614,0.6,12.806128508436203
-5.396752241711823,0.6,12.642974124975602
-5.351054106511647,0.6,12.481438045706845
-5.299256882800435,0.6,12.321753130695733
-5.241435238138379,0.6,12.164149571488238
-5.177672524505063,0.6,12.008854559281112
-5.108060658144581,0.6,11.856091957417611
-5.032699987064973,0.6,11.706081978680437
-4.951699146382964,0.6,11.559040867847088
-4.86517490172254,0.6,11.415180589965253
-4.773251980893093,0.6,11.274708524797553
-4.678678934235236,0.6,11.136006818563828
-4.581489847431946,0.6,10.999125461642443
-4.481719749030127,0.6,10.86411378832792
-4.379404597815764,0.6,10.731020459050008
-4.274581269853762,0.6,10.5998934428357
-4.167287545197226,0.6,10.470780000020383
-4.055169914860031,0.6,10.34583256533736
-3.9383900004371597,0.6,10.22523125500583
-3.8171161443737134,0.6,10.109149920150486
-3.6915231672932407,0.6,9.99775589618887
-3.561792115987515,0.6,9.891209761611364
-3.428110002431083,0.6,9.789665106501502
-3.290669534196766,0.6,9.693268311130346
-3.14966883666078,0.6,9.602158334944086
-3.0069639366636736,0.6,9.513741504062665
-2.8642590366665672,0.6,9.425324673181244
-2.721554136669461,0.6,9.336907842299823
-2.5788492366723546,0.6,9.248491011418402
-2.436144336675248,0.6,9.16007418053698
-2.293439436678142,0.6,9.07165734965556
-2.1490817674152325,0.6,8.985965530960442
-2.0015752231955872,0.6,8.905815397593905
-1.8511324400058413,0.6,8.831322488854752
-1.697970286526676,0.6,8.762594188949102
-1.542309551508815,0.6,8.699729572192176
-1.38437462549809,0.6,8.642819260189142
-1.2243931773684125,0.6,8.591945291200787
-1.0625958261289128,0.6,8.547181001882429
-0.9007984748894131,0.6,8.50241671256407
-0.7390011236499134,0.6,8.457652423245712
-0.5772037724104138,0.6,8.412888133927353
-0.4154064211709141,0.6,8.368123844608995
-0.2536090699314144,0.6,8.323359555290637
-0.09181171869191473,0.6,8.278595265972278
0.07080627085343139,0.6,8.236910569229643
0.2341862885040129,0.6,8.198320488913694
0.3982694494117496,0.6,8.162838933524682
0.5629966153041437,0.6,8.130478691199308
0.7277237811965378,0.6,8.098118448873933
0.8924509470889319,0.6,8.065758206548558
1.057178112981326,0.6,8.033397964223184
1.2219052788737201,0.6,8.00103772189781
1.3866324447661142,0.6,7.968677479572435
1.5513596106585084,0.6,7.93631723724706
1.7160867765509025,0.6,7.9039569949216855
1.8808139424432966,0.6,7.871596752596311
2.0455411083356907,0.6,7.839236510270936
2.210268274228085,0.6,7.806876267945562
2.3755800747226417,0.6,7.777649001847905
2.5408918752171985,0.6,7.748421735750249
2.7062036757117554,0.6,7.719194469652592
2.871515476206312,0.6,7.689967203554936
3.036827276700869,0.6,7.660739937457279
3.202139077195426,0.6,7.631512671359623
3.3674508776899827,0.6,7.602285405261966
3.5327626781845396,0.6,7.57305813916431
3.6980744786790964,0.6,7.5438308730666535
3.8633862791736533,0.6,7.514603606968997
4.02869807966821,0.6,7.4853763408713405
4.194009880162767,0.6,7.456149074773684
4.359321680657324,0.6,7.426921808676028
4.524633481151881,0.6,7.397694542578371
4.6899452816464375,0.6,7.368467276480715
4.855257082140994,0.6,7.339240010383058
5.020568882635551,0.6,7.310012744285402
5.185880683130108,0.6,7.280785478187745
5.351192483624665,0.6,7.251558212090089
5.516504284119222,0.6,7.222330945992432
5.681816084613779,0.6,7.193103679894776
5.846543250506173,0.6,7.160743437569401
6.011270416398567,0.6,7.128383195244027
6.175997582290961,0.6,7.096022952918652
6.340724748183355,0.6,7.063662710593277
6.505451914075749,0.6,7.031302468267903
6.670179079968143,0.6,6.998942225942528
6.834906245860537,0.6,6.966581983617154
6.9996334117529315,0.6,6.934221741291779
7.164360577645326,0.6,6.901861498966404
7.32908774353772,0.6,6.86950125664103
7.493814909430114,0.6,6.837141014315655
7.658542075322508,0.6,6.804780771990281
7.823269241214902,0.6,6.772420529664906
7.987352402122632,0.6,6.736938974275894
8.149970391667978,0.6,6.695254277533259
8.310888790172577,0.6,6.647426529425999
8.469875627979654,0.6,6.593524675372514
8.626701719846615,0.6,6.533626416833293
8.781140995323838,0.6,6.467818099301489
8.932970824643327,0.6,6.396194587832753
9.081972339647535,0.6,6.318859130293873
9.227930749295687,0.6,6.235923208527261
9.370635649292794,0.6,6.14750637764584
9.51163634682878,0.6,6.05639640145958
9.650882022930965,0.6,5.962626117503831
9.79012769903315,0.6,5.868855833548082
9.929373375135334,0.6,5.775085549592333
10.068619051237519,0.6,5.681315265636584
10.207864727339704,0.6,5.587544981680836
10.34530519557402,0.6,5.49114818630968
10.480890920133035,0.6,5.392159622515152
10.614573033689467,0.6,5.29061496740529
10.746303355008784,0.6,5.18655081934552
10.87603440631451,0.6,5.080004684768014
11.001627383394982,0.6,4.968610660806398
11.122901239458429,0.6,4.852529325951053
11.2396811538813,0.6,4.731928015619523
11.351798784218495,0.6,4.606980580936501
11.459092508875031,0.6,4.477867138121184
11.561407660089394,0.6,4.3447738088432715
11.658596746892684,0.6,4.207892451921886
11.75051966772213,0.6,4.067420386754186
11.837043912382555,0.6,3.9235601088723513
11.918044753064564,0.6,3.776518998039002
11.993405424144171,0.6,3.626509019301828
12.063017290504654,0.6,3.4737464174383277
12.132629156865136,0.6,3.3209838155748272
12.202241023225618,0.6,3.168221213711327
12.2718528895861,0.6,3.0154586118478264
12.341464755946582,0.6,2.862696009984326
12.411076622307064,0.6,2.7099334081208255
12.480688488667546,0.6,2.557170806257325
12.550300355028028,0.6,2.4044082043938246
12.61991222138851,0.6,2.251645602530324
12.689524087748993,0.6,2.0988830006668238
12.759135954109475,0.6,1.9461203988033233
12.828747820469957,0.6,1.793357796939823
12.898359686830439,0.6,1.6405951950763225
12.967971553190921,0.6,1.487832593212822
13.037583419551403,0.6,1.3350699913493216
13.110082753248157,0.6,1.1836564150761788
13.1882776004841,0.6,1.0351040999409236
13.272055240575675,0.6,0.8896271894465713
13.361294905042726,0.6,0.7474353937897718
13.455867951700583,0.6,0.6087336875560467
13.555638050102402,0.6,0.47372201424152394
13.660461378064404,0.6,0.3425949980272165
13.770186828990731,0.6,0.21554166322127344
13.884656229699026,0.6,0.09274516177363523
14.003704568432774,0.6,-0.025617490744089366
14.127160232731661,0.6,-0.13937567031292986
14.254845256817141,0.6,-0.24836539042720318
14.386575578136458,0.6,-0.3524295384869731
14.522161302695473,0.6,-0.4514181022815009
14.661406978797658,0.6,-0.5451883862372497
14.804111878794757,0.6,-0.6336052171186708
14.950070288442909,0.6,-0.7165411388852831
15.099071803447117,0.6,-0.7938765964241625
15.250901632766606,0.6,-0.865500107892899
15.40534090824383,0.6,-0.931308425424703
15.56216700011079,0.6,-0.9912066839639238
15.721153837917864,0.6,-1.0451085380174092
15.882072236422463,0.6,-1.0929362861246688
16.044690225967813,0.6,-1.134620982867304
16.208773386875546,0.6,-1.170102538256316
16.373500552767936,0.6,-1.2024627805816905
16.538227718660327,0.6,-1.2348230229070651
16.702954884552717,0.6,-1.2671832652324397
16.867682050445108,0.6,-1.2995435075578143
17.0324092163375,0.6,-1.331903749883189
17.19713638222989,0.6,-1.3642639922085635
17.36186354812228,0.6,-1.3966242345339381
17.52659071401467,0.6,-1.4289844768593127
17.69131787990706,0.6,-1.4613447191846873
17.85662968040162,0.6,-1.4905719852823438
18.02246653440392,0.6,-1.5166557411644206
18.188768671581613,0.6,-1.5395865858158757
18.355476153906622,0.6,-1.5593562545827808
18.522528897257814,0.6,-1.5759576221510514
18.689866693076297,0.6,-1.5893847051145045
18.85742923006558,0.6,-1.5996326641313914
19.02515611592875,0.6,-1.6066978056685741
19.192986899134848,0.6,-1.61057758333272
19.360861090706617,0.6,-1.6112705987880958
19.5287181860217,0.6,-1.6087766022605194
19.696497686619512,0.6,-1.6030964926273938
19.86413912200589,0.6,-1.5942323170937485
20.031582071447637,0.6,-1.5821872704543694
20.198766185749164,0.6,-1.5669656939423717
20.365631209003322,0.6,-1.5485730736645138
20.532117000308634,0.6,-1.5270160386239482
20.69816355544506,0.6,-1.5023023583309936
20.863711028500504,0.6,-1.4744409400028928
21.028699753440268,0.6,-1.4434418253534886
21.193070265611677,0.6,-1.4093161869740385
21.356763323176114,0.6,-1.372076324306427
21.519719928460752,0.6,-1.3317356592102385
21.681881349222294,0.6,-1.288308731125305
21.84318913981504,0.6,-1.2418111918314452
22.003585162255643,0.6,-1.192259799807303
22.16301160717702,0.6,-1.1396724141903363
22.321411014663784,0.6,-1.0840679883400668
22.47872629496175,0.6,-1.0254665630069795
22.636041575259714,0.6,-0.9668651376738921
22.79335685555768,0.6,-0.9082637123408048
22.950672135855644,0.6,-0.8496622870077175
23.10798741615361,0.6,-0.7910608616746302
23.265302696451574,0.6,-0.7324594363415429
23.42261797674954,0.6,-0.6738580110084555
23.579933257047504,0.6,-0.6152565856753682
23.73724853734547,0.6,-0.5566551603422809
23.894563817643434,0.6,-0.4980537350091936
24.0518790979414,0.6,-0.43945230967610627
24.209194378239363,0.6,-0.38085088434301895
24.36650965853733,0.6,-0.3222494590099316
24.523824938835293,0.6,-0.2636480336768443
24.68114021913326,0.6,-0.205046608343757
24.838455499431223,0.6,-0.14644518301066967
24.995770779729188,0.6,-0.08784375767758235
25.153086060027153,0.6,-0.029242332344495026
25.310401340325118,0.6,0.029359092988592295
25.467716620623083,0.6,0.08796051832167961
25.625031900921048,0.6,0.14656194365476694
25.782347181219013,0.6,0.20516336898785426
25.939662461516978,0.6,0.2637647943209416
26.096977741814943,0.6,0.3223662196540289
26.254293022112908,0.6,0.3809676449871162
26.411608302410873,0.6,0.43956907032020354
26.568923582708837,0.6,0.49817049565329086
26.726238863006802,0.6,0.5567719209863782
26.883554143304767,0.6,0.6153733463194655
27.040869423602732,0.6,0.6739747716525528
27.198184703900697,0.6,0.7325761969856401
27.355499984198662,0.6,0.7911776223187275
27.512815264496627,0.6,0.8497790476518148
27.670130544794592,0.6,0.9083804729849021
27.827445825092557,0.6,0.9669818983179894
27.984761105390522,0.6,1.0255833236510767
28.142076385688487,0.6,1.084184748984164
28.29939166598645,0.6,1.1427861743172514
28.456706946284417,0.6,1.2013875996503387
28.61402222658238,0.6,1.259989024983426
28.771337506880347,0.6,1.3185904503165133
28.92865278717831,0.6,1.3771918756496007
29.085968067476276,0.6,1.435793300982688
29.24328334777424,0.6,1.4943947263157753
29.400598628072206,0.6,1.5529961516488626
29.55791390837017,0.6,1.61159757698195
29.715229188668136,0.6,1.6701990023150373
29.8725444689661,0.6,1.7288004276481246
30.029859749264066,0.6,1.787401852981212
30.18717502956203,0.6,1.8460032783142992
30.344490309859996,0.6,1.9046047036473865
30.50180559015796,0.6,1.9632061289804739
30.659120870455926,0.6,2.021807554313561
30.81643615075389,0.6,2.0804089796466485
30.973751431051856,0.6,2.139010404979736
31.13215083853862,0.6,2.1946148308300053
31.291577283459997,0.6,2.247202216446972
31.4519733059006,0.6,2.296753608471114
31.612369328341206,0.6,2.3463050004952564
31.77276535078181,0.6,2.3958563925193985
31.93316137322241,0.6,2.4454077845435407
32.09355739566301,0.6,2.494959176567683
32.25395341810362,0.6,2.544510568591825
32.41434944054422,0.6,2.594061960615967
32.57474546298482,0.6,2.6436133526401093
32.73514148542542,0.6,2.6931647446642515
32.895537507866024,0.6,2.7427161366883936
33.05593353030663,0.6,2.792267528712536
33.21632955274723,0.6,2.841818920736678
33.376725575187834,0.6,2.89137031276082
33.53712159762844,0.6,2.9409217047849623
33.69751762006904,0.6,2.9904730968091044
33.856944064990415,0.6,3.043060482426071
34.015343472477184,0.6,3.0986649082763407
34.17265875277515,0.6,3.157266333609428
34.32883320686741,0.6,3.218843637506886
34.485007660959674,0.6,3.280420941404344
34.64118211505194,0.6,3.3419982453018022
34.7973565691442,0.6,3.4035755491992603
34.953531023236465,0.6,3.4651528530967184
35.10970547732873,0.6,3.5267301569941765
35.265879931421,0.6,3.5883074608916345
35.42205438551326,0.6,3.6498847647890926
35.57822883960552,0.6,3.7114620686865507
35.73440329369779,0.6,3.773039372584009
35.890577747790054,0.6,3.834616676481467
36.04675220188231,0.6,3.896193980378925
36.20292665597458,0.6,3.957771284276383
36.359101110066845,0.6,4.019348588173841
36.51527556415911,0.6,4.080925892071299
36.67145001825138,0.6,4.142503195968757
36.827624472343636,0.6,4.204080499866215
36.9837989264359,0.6,4.265657803763673
37.13997338052817,0.6,4.3272351076611315
37.29614783462043,0.6,4.38881241155859
37.45232228871269,0.6,4.450389715456048
37.60849674280496,0.6,4.511967019353506
37.764671196897226,0.6,4.573544323250964
37.92084565098949,0.6,4.635121627148422
38.07702010508175,0.6,4.69669893104588
38.23319455917402,0.6,4.758276234943338
38.38936901326628,0.6,4.819853538840796
38.54554346735854,0.6,4.881430842738254
38.70171792145081,0.6,4.943008146635712
38.857892375543074,0.6,5.00458545053317
39.01406682963534,0.6,5.0661627544306285
39.170241283727606,0.6,5.1277400583280865
39.326415737819865,0.6,5.189317362225545
39.48259019191213,0.6,5.250894666123003
39.6387646460044,0.6,5.312471970020461
39.79607992630236,0.6,5.371073395353548
39.95447933378912,0.6,5.426677821203818
40.1139057787105,0.6,5.479265206820784
40.274301801151104,0.6,5.5288165988449265
40.434697823591705,0.6,5.578367990869069
40.59509384603231,0.6,5.627919382893211
40.755489868472914,0.6,5.677470774917353
40.915885890913515,0.6,5.727022166941495
41.07628191335412,0.6,5.776573558965637
41.236677935794724,0.6,5.8261249509897794
41.397073958235325,0.6,5.875676343013922
41.55746998067593,0.6,5.925227735038064
41.717866003116534,0.6,5.974779127062206
41.87826202555714,0.6,6.024330519086348
42.03865804799774,0.6,6.07388191111049
42.19905407043834,0.6,6.123433303134632
42.35945009287895,0.6,6.172984695158775
42.51984611531955,0.6,6.222536087182917
42.67824552280632,0.6,6.278140513033186
42.83441997689858,0.6,6.339717816930644
42.988144346506,0.6,6.407179232977889
43.13919703242308,0.6,6.480427513118322
43.28736028677244,0.6,6.559357067322701
43.43242052689618,0.6,6.64385411580097
43.57416864324296,0.6,6.733796853019918
43.71240030080695,0.6,6.829055623290216
43.846916233684055,0.6,6.929493107669792
43.97752253232095,0.6,7.034964521913977
44.104030923042565,0.6,7.145317825187242
44.22625903945548,0.6,7.260393939235499
44.344030685335525,0.6,7.380026977703139
44.45717608862106,0.6,7.504044485264167
44.56553214614544,0.6,7.632267686222768
44.66894265875614,0.6,7.764511742224883
44.76725855648141,0.6,7.9005860187093475
44.860338113420035,0.6,8.040294359714473
44.9480471520443,0.6,8.18343537064392
45.03025923662172,0.6,8.329802708584225
45.10685585547668,0.6,8.479185379755563
45.177726591829305,0.6,8.63136804366684
45.24276928296521,0.6,8.786131323536758
45.301890167506706,0.6,8.943252122533352
45.35500402057321,0.6,9.102503945376064
45.40203427663599,0.6,9.263657224836848
45.44599675869558,0.6,9.425674275289744
45.48687562194968,0.6,9.588496703122487
45.524656132983,0.6,9.752065824451542
45.55932467507737,0.6,9.916322686272736
45.59086875311948,0.6,10.081208087708916
45.61927699810429,0.6,10.246662601346891
45.6476852430891,0.6,10.412117114984866
45.67609348807392,0.6,10.577571628622842
45.70450173305873,0.6,10.743026142260817
45.73290997804354,0.6,10.908480655898792
45.761318223028354,0.6,11.073935169536767
45.789726468013164,0.6,11.239389683174743
45.818134712997974,0.6,11.404844196812718
45.84654295798279,0.6,11.570298710450693
45.8749512029676,0.6,11.735753224088668
45.90335944795241,0.6,11.901207737726644
45.93176769293723,0.6,12.066662251364619
47.71,0.6,49.71787562201313
